pr1,pr2,weight
19415,19203,0.4791330885239264
19415,17160,0.45972617074979016
19415,19067,0.45595637095611097
19415,19288,0.44816366799588914
19415,18783,0.44608969064481874
19413,19381,0.5150959697116598
19413,19271,0.5104138551854066
19413,19197,0.507687016879142
19413,19088,0.5037602910423047
19413,19009,0.4999878270653093
19405,18724,0.31586584345736124
19405,18653,0.3143684065325527
19405,18574,0.28154977304200407
19405,19397,0.26631213842875434
19405,19393,0.26626182605734244
19403,19356,0.33175830862822353
19403,19318,0.33057945434406505
19403,18956,0.3210716293754067
19403,18921,0.3203539484689439
19403,18882,0.31931008224500124
19401,18756,0.6650992512677714
19401,18384,0.6467155465381641
19401,19397,0.6327898128791648
19401,19393,0.6326702646066787
19401,19304,0.6278254535596184
19397,19153,0.7358599090398171
19397,18795,0.7153445824975964
19397,18485,0.7000709564341449
19397,17488,0.698628584540702
19397,19083,0.6914630062495303
19396,19279,0.5363284605654135
19396,19261,0.5354534255668671
19396,19289,0.5092112661908735
19396,19046,0.5061569878811372
19396,18487,0.505711587965755
19395,19282,0.9904850895907884
19395,18448,0.7753628082018688
19395,16262,0.7472234683305777
19395,15685,0.6989682039036981
19395,19386,0.6662493505982356
19393,18628,0.6918131898121084
19393,19397,0.6665407182921796
19393,19134,0.6658769467523387
19393,19304,0.6615615207287878
19393,19302,0.6614825675199187
19387,19382,0.7495180575374502
19387,18388,0.5013120395377493
19387,19381,0.49959045829265836
19387,19364,0.4988217600788177
19387,19360,0.49868025945858063
19386,19395,0.6662493505982356
19386,19362,0.6649727729414383
19386,19282,0.6607369973095018
19386,18541,0.6256433712807264
19386,18495,0.6231451326959719
19382,19387,0.7495180575374502
19382,18388,0.6173961658486138
19382,19381,0.4999116965247658
19382,19367,0.4992728275268256
19382,19364,0.499142504035562
19381,19088,0.9779930744251394
19381,19009,0.970669266438237
19381,17994,0.8866787608549015
19381,17892,0.8752874956845508
19381,17328,0.8297757927942424
19379,19067,0.46365297458637234
19379,19247,0.46159895375760074
19379,19222,0.4567436419574339
19379,18783,0.4536197434111384
19379,19143,0.4490893975519546
19377,18377,0.6170697467345932
19377,18754,0.5557256549449804
19377,19381,0.4165185324607786
19377,17375,0.41646951972824453
19377,19382,0.41644497239294714
19375,17928,0.40377914483304583
19375,17466,0.3844258510046723
19375,16837,0.3653453125109449
19375,16654,0.359294851957765
19375,16386,0.349217616754608
19374,19109,0.6532603320771954
19374,18861,0.6403417371862189
19374,18461,0.6223741453077933
19374,18376,0.6172801808772473
19374,18238,0.6094887079585471
19368,19281,0.6827341519323485
19368,19120,0.6747829409690519
19368,18965,0.6652329442744518
19368,19397,0.6648030626751117
19368,19153,0.6559312911829334
19367,19382,0.4992728275268256
19367,18981,0.4846588271552813
19367,18645,0.47330697579087694
19367,18568,0.470982077770953
19367,17940,0.4412514610954936
19364,19347,0.6239243099632662
19364,19109,0.6128912251732112
19364,19084,0.6120359648871936
19364,19029,0.6085200992671566
19364,18861,0.600770952348638
19362,18541,0.9408556210704052
19362,17930,0.8821677838784063
19362,17831,0.8710378943292972
19362,17196,0.8231242965692954
19362,15474,0.6844071210368241
19360,18722,0.555301138172831
19360,17944,0.5519828020820813
19360,15718,0.5276964102265473
19360,19314,0.5162696029661592
19360,15343,0.5049933917211373
19358,19197,0.7405949813390768
19358,19043,0.7311896645088916
19358,18526,0.7046954032046949
19358,17897,0.6582545212850859
19358,17325,0.6231220076783986
19357,19125,0.4912617506552313
19357,19061,0.4883961902171146
19357,18981,0.484990233670045
19357,18942,0.48347268521981585
19357,18920,0.48275412655371625
19356,19318,0.9964466472926244
19356,18956,0.9677877570059819
19356,18921,0.9656244927024281
19356,18882,0.9624780267457534
19356,18857,0.9611840972663834
19349,18487,0.5468777511718589
19349,19100,0.5450223537641912
19349,19262,0.5436204305936401
19349,19386,0.5397938512801603
19349,18197,0.5306516998209023
19348,19172,0.4523953797601742
19348,17353,0.38206680554714345
19348,18056,0.37335476158983794
19348,16124,0.36872331336780845
19348,17851,0.36440112532212243
19347,19109,0.6548777529433503
19347,19084,0.653963902473178
19347,19029,0.650207180101684
19347,18861,0.6419271726341385
19347,18819,0.6396657493176396
19340,19337,0.5924646291067928
19340,18881,0.5088516738723394
19340,19347,0.4441984455577034
19340,19358,0.4435798151236813
19340,19360,0.44355975827478356
19339,19374,0.28800771337849834
19339,19381,0.2877804015323302
19339,19271,0.28736559172575465
19339,19109,0.28394557453309005
19339,18780,0.2838914755005328
19337,19340,0.5924646291067928
19337,18881,0.508961578212185
19337,19347,0.44410252606395506
19337,19358,0.4434840292159882
19337,19360,0.443463976698134
19335,19320,0.5549083682080934
19335,19292,0.5537890253410181
19335,19085,0.5456407873121301
19335,19308,0.5175409588979938
19335,18907,0.5012067215217917
19334,19325,0.6660287894347807
19334,19320,0.665892790062754
19334,19308,0.6654125505284604
19334,19292,0.6645495730786587
19334,19279,0.6639994695670537
19333,18863,0.48208451990292633
19333,16019,0.3645215925070535
19333,18798,0.3198644979197854
19333,18735,0.31842377734323335
19333,18667,0.31692994412356723
19331,19104,0.41515259303840046
19331,19210,0.4111430871351526
19331,18898,0.40778226646558896
19331,18896,0.40769541987940383
19331,19132,0.4052229643168522
19328,19362,0.46286411492774665
19328,18541,0.4381674517535304
19328,19386,0.4380117406902987
19328,19056,0.41701921616363785
19328,19282,0.4152841243234914
19326,19237,0.4249401057128679
19326,18926,0.4172157078407671
19326,19374,0.41207319181668395
19326,19381,0.4117479605341963
19326,19382,0.4116752429825248
19325,19320,0.7331835907480242
19325,19308,0.7326548213253382
19325,19292,0.7317046369791154
19325,19085,0.7209386172926915
19325,18907,0.6880303733123393
19324,19320,0.6189212578809623
19324,19308,0.618474894050201
19324,19292,0.617672790323107
19324,19279,0.617161490662789
19324,19085,0.6085845912270326
19323,19362,0.5535286691290396
19323,19197,0.5505282475419608
19323,18541,0.5246115577433864
19323,18526,0.523841958361224
19323,17930,0.4918878145883451
19321,18441,0.4681200315855129
19321,17424,0.41991558767203735
19321,16595,0.3920975903279784
19321,15797,0.3558294973448161
19321,15520,0.34517384510877447
19320,19292,0.8316523608052475
19320,19085,0.8194157488771672
19320,19308,0.7772168471845085
19320,18907,0.7526869152894035
19320,19325,0.7331835907480243
19318,19356,0.9964466472926244
19318,18956,0.9712389114213896
19318,18921,0.9690679328653058
19318,18882,0.9659102465353617
19318,18857,0.964611702872351
19316,19374,0.4604985068153031
19316,19284,0.44361496608373335
19316,19347,0.44317311807581744
19316,19109,0.43783759621169027
19316,19084,0.4372266148623335
19315,19281,0.35111826211288283
19315,19368,0.3501427910763733
19315,19397,0.34916399982177715
19315,19153,0.34787570655861305
19315,19297,0.3468842867982267
19314,19360,0.5162696029661592
19314,19084,0.5101197371734393
19314,19029,0.5071893334897914
19314,19347,0.4985482365677768
19314,18644,0.4932396059113057
19309,19295,0.6105957334869465
19309,18927,0.5175742562871977
19309,19284,0.4991473937784
19309,19271,0.49858054821316733
19309,19347,0.49848929412522336
19308,19320,0.7772168471845085
19308,19292,0.7767690732039816
19308,19085,0.7653399927919111
19308,19325,0.7326548213253382
19308,18907,0.7173620402041755
19304,19302,0.999880656286082
19304,19177,0.9905841013610871
19304,18628,0.6971517821955492
19304,19134,0.6710153940219064
19304,19227,0.6626105572779362
19302,19304,0.999880656286082
19302,19177,0.9907023354571878
19302,18628,0.6972349928090648
19302,19134,0.6710954850494857
19302,19227,0.66268964512136
19300,19279,0.4990464936796762
19300,18275,0.4611525940706327
19300,18214,0.45852270696977143
19300,17677,0.4292410050317164
19300,19335,0.38807148257071095
19299,18894,0.46774673791291377
19299,19279,0.4660011136222491
19299,19210,0.4636693613624536
19299,19132,0.4611099565137493
19299,19104,0.4599772293178732
19297,18903,0.8476635827388908
19297,18641,0.8331071733849875
19297,18633,0.8328138559363816
19297,19120,0.8021439243991016
19297,17732,0.7556422020845921
19295,19309,0.6105957334869465
19295,19381,0.6067681022352449
19295,19088,0.6019402684358316
19295,19009,0.5974325729716283
19295,17994,0.5457376593786956
19292,19320,0.8316523608052475
19292,19085,0.8210719882241098
19292,19308,0.7767690732039818
19292,18907,0.7542082793670886
19292,19325,0.7317046369791154
19289,19279,0.6661602242921125
19289,19261,0.6281248448280456
19289,18275,0.6155769440114855
19289,18214,0.6120663969919985
19289,19046,0.5811843458054531
19288,19358,0.4970912376017783
19288,19043,0.4903121796020945
19288,19067,0.4610039709675503
19288,18783,0.4510280629782948
19288,19415,0.44816366799588925
19284,18500,0.9431061777045736
19284,17306,0.8352535889672833
19284,16770,0.5316014249727412
19284,19271,0.49943218619159585
19284,19309,0.4991473937784
19282,19395,0.9904850895907884
19282,18448,0.7828111865088289
19282,16262,0.7544015313135987
19282,15685,0.7056827116826883
19282,19362,0.662420101188805
19281,18903,0.7273781885537697
19281,18641,0.7148873668607129
19281,19297,0.6867349718328122
19281,19368,0.6827341519323485
19281,18965,0.6698766245898942
19280,18960,0.47626364476465055
19280,19295,0.42169071966559
19280,17852,0.4104029253305558
19280,19284,0.3998413723127862
19280,19271,0.3997042593588557
19279,18275,0.9240673963469094
19279,18214,0.9187975725245436
19279,17677,0.8601222741126683
19279,19261,0.7765088114135281
19279,19195,0.7452576632369108
19277,18926,0.39933909889478764
19277,18615,0.3909983059241082
19277,18486,0.38729035395524114
19277,19374,0.380952173514176
19277,18211,0.3768119669892328
19276,18735,0.452999524523628
19276,18798,0.4282815418566486
19276,18667,0.42435233047908344
19276,17202,0.4149522271018088
19276,18288,0.4112362995423968
19272,19302,0.5320877604042584
19272,19304,0.5320242590748014
19272,19177,0.529611459592368
19272,19178,0.5048141097289413
19272,19297,0.4991549910849868
19271,19381,0.7431826570169912
19271,19088,0.7402232804681335
19271,19009,0.7346800375604369
19271,17994,0.6711093138028909
19271,17892,0.6624874943917097
19268,13128,0.45396621010031923
19268,15031,0.4375686233210799
19268,19114,0.35258517669491996
19268,18766,0.3368370237582847
19268,19271,0.33321906952301217
19267,18798,0.46436082064250606
19267,18735,0.46226926564470205
19267,18667,0.46010060477643266
19267,18081,0.44570022694793393
19267,17202,0.3999187717481547
19262,19282,0.6178986130775516
19262,19395,0.6120193631321426
19262,19386,0.5888487609325486
19262,18448,0.5825982341629649
19262,18263,0.572367787690171
19261,19279,0.7765088114135281
19261,18487,0.7345759991507556
19261,18275,0.7198936127653013
19261,18214,0.7157881627460526
19261,18197,0.7127808760947166
19260,19109,0.4945607075543785
19260,18861,0.4847804880673414
19260,18461,0.4711778483292341
19260,18376,0.4673213847888611
19260,18238,0.4614227312653715
19259,19271,0.4994276334165451
19259,19381,0.4948879407869544
19259,19088,0.49404773981255595
19259,19009,0.4903480093365737
19259,19247,0.48293242733771297
19258,18056,0.40120679237595924
19258,17851,0.39158522046463695
19258,16768,0.3550489867168621
19258,19172,0.3314616757039123
19258,16124,0.3301915341872005
19256,16768,0.3994974468116006
19256,18056,0.30095582148590605
19256,17851,0.2937384260340257
19256,13301,0.27732670556979105
19256,19183,0.2764141148053144
19253,18965,0.6615258397109547
19253,19281,0.6440771443946308
19253,19368,0.6396123097560393
19253,19105,0.6288524318837245
19253,19297,0.6226068733569569
19252,18726,0.6725862522277242
19252,19083,0.6589617451058544
19252,19134,0.6334109817777438
19252,19227,0.6323850412644418
19252,19302,0.6304992113941457
19250,18487,0.5252315614610464
19250,19100,0.5129806112236697
19250,18197,0.5096477600188629
19250,18734,0.49858813167453747
19250,18592,0.49422577759136643
19247,19222,0.5823975409348753
19247,19143,0.579348147807715
19247,19065,0.5752659496694338
19247,19052,0.5743031582386804
19247,18938,0.5718931473650379
19245,19085,0.21424195184514813
19245,19292,0.21035902979443868
19245,19320,0.20993470049429575
19245,19308,0.20824335240594577
19245,19325,0.2065777514232097
19243,19197,0.47071724724115427
19243,19147,0.4691424314982217
19243,18526,0.4478997140113442
19243,19241,0.43045179394891675
19243,19358,0.42651568615974395
19241,19197,0.7477899590346135
19241,18526,0.7115416117747793
19241,17897,0.6646495505763579
19241,17325,0.6291757199770397
19241,17286,0.6281560848986435
19240,17142,0.24167454184575846
19240,18598,0.19875018424567487
19240,18818,0.19349284780279422
19240,16114,0.18573587492879579
19240,17409,0.18295148683494608
19238,18722,0.46071785726292785
19238,18926,0.4470840967055266
19238,18615,0.4377460782109078
19238,19065,0.4358646233487504
19238,18486,0.4335948033640007
19237,18926,0.48774402324445143
19237,18615,0.47755676151168536
19237,18486,0.4730279502425215
19237,18211,0.4602298780526014
19237,18174,0.4576629853423846
19233,19282,0.4342150432702132
19233,19362,0.43144915935113376
19233,19395,0.4300835260351653
19233,19189,0.4218108308365735
19233,19088,0.4187613925896775
19228,16687,0.28078547262027975
19228,19241,0.25310880563170834
19228,19197,0.2528108952753864
19228,19189,0.25268225969040164
19228,19271,0.2525006445232575
19227,18878,0.9724089461629786
19227,15364,0.6821304653563296
19227,19134,0.6751229528432687
19227,19168,0.6750926415807954
19227,19177,0.6644319136923409
19224,19197,0.34935105733492045
19224,19147,0.34818228022270353
19224,19109,0.3470474023177754
19224,19084,0.34656311432607817
19224,19364,0.34201840963460106
19222,19052,0.6163135121123606
19222,18938,0.6127925986542647
19222,19143,0.6039638992564557
19222,18757,0.602881740103111
19222,18994,0.600074768902379
19219,19197,0.4316137081485695
19219,19147,0.4301697158868847
19219,19109,0.42876760517172435
19219,19084,0.4281692805595052
19219,18861,0.4202884817325668
19216,19261,0.6148640837190239
19216,19279,0.6138609156379637
19216,18487,0.5841212771741902
19216,19195,0.5822942101232821
19216,18275,0.5724461144989168
19215,19279,0.42507944463734854
19215,19261,0.3980814822409498
19215,18275,0.3965142413927828
19215,18214,0.3942529775461634
19215,19046,0.3937636339786148
19213,19194,0.998434807697826
19213,18908,0.9752642732944591
19213,17887,0.8868752336181472
19213,16416,0.7745333813411814
19213,15909,0.7262469205596721
19210,19104,0.7715844458559579
19210,18898,0.7578862793508672
19210,18604,0.7437568491422939
19210,18948,0.7065626035422892
19210,17826,0.6851024447064719
19208,18932,0.6408518996233679
19208,18903,0.633707164792503
19208,18866,0.6324121212219481
19208,18641,0.622824898420488
19208,19281,0.6217327824105734
19205,19153,0.3597970714588499
19205,19168,0.33432804409634875
19205,19227,0.33286397981206906
19205,19177,0.3326843966252476
19205,19134,0.33165938846635984
19204,19271,0.4699794781621752
19204,19109,0.4688288028235238
19204,19088,0.46829058128342593
19204,19381,0.46570746309869915
19204,19009,0.4647837361031463
19203,19247,0.48193413671062907
19203,19415,0.4791330885239264
19203,19222,0.47438594476164325
19203,18867,0.4705126173134219
19203,19067,0.4701041373415207
19202,17743,0.4352083065675207
19202,17403,0.42318448982778956
19202,16504,0.39134988721482694
19202,16455,0.38946573011645613
19202,16196,0.3768076255323247
19200,19153,0.43190960053241373
19200,19397,0.4265649981845669
19200,18795,0.4198682236578337
19200,19083,0.41319676216509227
19200,18485,0.4109034388520484
19198,18903,0.4878374962971714
19198,18641,0.4794601607139436
19198,19281,0.4762998398180172
19198,19297,0.4654270061237298
19198,19208,0.4621487939374007
19197,18526,0.9515260310440243
19197,17897,0.8888185011663051
19197,17325,0.8413802731308359
19197,17286,0.8400167417460168
19197,16629,0.7929426982503697
19195,19279,0.7452576632369108
19195,18850,0.7294263428698007
19195,18275,0.6974606717729256
19195,18214,0.6934831535985992
19195,17677,0.64919665111122
19194,19213,0.998434807697826
19194,18908,0.9767931424017627
19194,17887,0.8882655400036474
19194,16416,0.7757475754747447
19194,15909,0.727385418617606
19191,19197,0.3028865215576153
19191,19109,0.30117499276155457
19191,19084,0.3007547175155224
19191,18861,0.2952190858562513
19191,18526,0.2884780982876651
19189,19197,0.4997455893171763
19189,19147,0.49858090548449246
19189,19241,0.49827297835096007
19189,19271,0.4970757452240103
19189,19109,0.49695581286607593
19184,19109,0.4073817145368206
19184,18861,0.3993255092574365
19184,19347,0.39106761041463844
19184,18461,0.3881206832085989
19184,18376,0.3849440201516108
19183,18926,0.3263524217254826
19183,18863,0.3249429039269136
19183,18615,0.3195360644175566
19183,18486,0.31650580990946897
19183,18422,0.31473853031778765
19181,18553,0.6362334073525602
19181,18014,0.5020916352548908
19181,16045,0.4936206850878231
19181,15950,0.48768142512964885
19181,13471,0.3785597957276668
19178,18756,0.7256505114832772
19178,19120,0.6223871769632375
19178,19297,0.6196241371507997
19178,19401,0.6137651057285713
19178,19105,0.6111622274566074
19177,19302,0.9907023354571878
19177,19304,0.9905841013610871
19177,18628,0.7037784891132874
19177,19134,0.6773936641017304
19177,19168,0.6662589353018696
19176,19197,0.39690300299733217
19176,18526,0.3786783458103099
19176,18926,0.3766869679857485
19176,19241,0.3765850481886733
19176,19043,0.37390338666451806
19172,17353,0.5630278625593484
19172,16124,0.49808402960309894
19172,18305,0.4668678285656144
19172,18056,0.4539063130646235
19172,19348,0.4523953797601743
19168,19227,0.6750926415807954
19168,19022,0.6694278150750737
19168,19134,0.6671508478151095
19168,19177,0.6662589353018696
19168,19153,0.6659437095562073
19164,18441,0.315727106172378
19164,17424,0.2832152533257857
19164,16595,0.2644531940069329
19164,19276,0.25710136893332225
19164,18829,0.2523681042066912
19160,18881,0.28502418811805663
19160,18452,0.28446030991120125
19160,19147,0.28317981482258436
19160,19189,0.2826823455605652
19160,19197,0.2825385107434526
19153,19397,0.7358599090398171
19153,18795,0.7290904563251142
19153,18485,0.7135233362702441
19153,17488,0.7120532481369012
19153,19083,0.704749977973167
19147,19189,0.49858090548449246
19147,19109,0.49837028193364385
19147,19197,0.49832721686727816
19147,19095,0.4979575357276794
19147,19088,0.4977981463927687
19145,19362,0.36080169947493035
19145,18541,0.3505881803254436
19145,19386,0.3435265526057992
19145,19056,0.3370561773535556
19145,19181,0.3325696946280099
19143,19052,0.6726623982380406
19143,18938,0.6689448419928374
19143,18757,0.6580025736605108
19143,18682,0.6543970858906148
19143,18510,0.6470193447766592
19137,19100,0.44304011744288824
19137,19085,0.4427716093067688
19137,19046,0.44070234934458025
19137,19261,0.44064259180669224
19137,19279,0.43992367099970275
19136,18487,0.4536532831406893
19136,19100,0.4430718858969303
19136,19046,0.44073395016757605
19136,19261,0.44061099753413197
19136,18197,0.44019323388471276
19134,19177,0.6773936641017304
19134,19227,0.6751229528432687
19134,19302,0.6710954850494857
19134,19304,0.6710153940219064
19134,19168,0.6671508478151097
19132,18121,0.9169334336064262
19132,17565,0.8605557664645902
19132,18790,0.7299379776083482
19132,19007,0.7143907054107884
19132,17135,0.6953828717183557
19131,19197,0.33179999830341395
19131,18526,0.3186410943370982
19131,17897,0.29764198838359196
19131,17325,0.2817561708636555
19131,17286,0.28129955998970496
19125,17651,0.8677527856055093
19125,17239,0.8415122375825123
19125,17166,0.836468617932115
19125,16643,0.7984707628973526
19125,13460,0.5697077657661294
19124,18714,0.9688205957247034
19124,17365,0.8488912460220401
19124,16691,0.6010384946491164
19124,11903,0.4944121833178376
19124,17919,0.44845428596597636
19120,18633,0.8435658955532293
19120,19297,0.8021439243991016
19120,17732,0.7653979174044826
19120,18903,0.7359491483041538
19120,18866,0.7344451630792451
19117,19153,0.3047491690741088
19117,19397,0.2990035944464447
19117,18795,0.29782283175819435
19117,18485,0.2914638899604515
19117,19083,0.2909590324457236
19116,19279,0.6039459368574831
19116,19046,0.5885265602462152
19116,19261,0.5866016018769232
19116,18275,0.5714075095746396
19116,18214,0.5681488545045231
19114,18926,0.40997315492036274
19114,18863,0.4036668956451836
19114,18615,0.4014102538215454
19114,18486,0.39760356228751603
19114,18853,0.3963451270060561
19109,18861,0.9802244308178047
19109,18461,0.9527199414187725
19109,18376,0.9449221857914737
19109,18238,0.9329951292473768
19109,16851,0.8146493189230075
19107,19109,0.4374554254184934
19107,19084,0.4369340066653649
19107,19029,0.43442402140241887
19107,19347,0.42971973901641053
19107,18861,0.4288918860286897
19106,18165,0.48063082548483466
19106,19020,0.468654901360324
19106,17474,0.44619118556022586
19106,19210,0.44097463047429625
19106,19386,0.4279498193947807
19105,18866,0.7354688231072929
19105,19120,0.6865431052314229
19105,19297,0.677792468553205
19105,18903,0.675560329186478
19105,18641,0.6639593439664664
19104,18898,0.9822467047143562
19104,18604,0.9639344768247714
19104,17427,0.8536421983725496
19104,16436,0.7832479592356022
19104,19210,0.7715844458559579
19101,19261,0.582862686135019
19101,19279,0.5819117292360001
19101,19046,0.5738676740328247
19101,19100,0.5726384154662163
19101,19325,0.5650046520485557
19100,18734,0.7559559963780215
19100,18592,0.7493418242427532
19100,18499,0.7436725654691477
19100,18487,0.7432624142842793
19100,18197,0.7212095622975785
19099,19104,0.41650714551574786
19099,18898,0.4094262094339971
19099,18896,0.40933901273245277
19099,19279,0.40754807472027593
19099,18961,0.40425624502237717
19098,19104,0.48790248442585593
19098,18898,0.4796193456608838
19098,18604,0.47067770328545866
19098,19210,0.4525365818352853
19098,18790,0.44153863945815164
19096,19100,0.5554919945060283
19096,18499,0.5464341982288898
19096,18487,0.5461328281847833
19096,18734,0.5400303536543425
19096,18592,0.535305404405374
19095,19088,0.4998399569004636
19095,19084,0.49971613483031035
19095,19109,0.4995859040748146
19095,19147,0.4979575357276794
19095,19043,0.49733883847604027
19093,19088,0.30545917557320507
19093,19009,0.3031717111644713
19093,19271,0.3016676012209403
19093,19381,0.29892550588176064
19093,17994,0.27693873338337327
19092,18866,0.36796677058269084
19092,18724,0.36428099772830835
19092,18653,0.3625540372851223
19092,18712,0.3337163218139035
19092,18691,0.3329223069806762
19090,18211,0.49596388157562343
19090,18174,0.49319768552261145
19090,18926,0.45991253872153753
19090,18470,0.45465343317695106
19090,18615,0.45030657907292687
19089,18866,0.368024052899829
19089,18724,0.36433770627187123
19089,18653,0.36261047698838844
19089,18712,0.3337682722771207
19089,18691,0.33297413383759766
19088,19009,0.9925113907465989
19088,19381,0.9779930744251394
19088,17994,0.9066309200360012
19088,17892,0.8949833271560143
19088,17328,0.8484475140910189
19085,19292,0.8210719882241098
19085,19320,0.8194157488771672
19085,18907,0.7654711261456703
19085,19308,0.7653399927919111
19085,19325,0.7209386172926915
19084,16939,0.8236488538714356
19084,19029,0.7456915943403526
19084,18644,0.7251821042707549
19084,15672,0.7150010731773415
19084,18421,0.7131173483168084
19083,18726,0.7290540841852022
19083,19153,0.704749977973167
19083,18795,0.6920865964538633
19083,19397,0.6914630062495303
19083,18485,0.6773095615305595
19082,18374,0.6505590685570409
19082,18965,0.6384759742158589
19082,19281,0.6365294097297499
19082,19105,0.6345254493527813
19082,19368,0.6321168970644934
19078,15687,0.7162667443868358
19078,19083,0.6664624887015596
19078,19134,0.6640126055712038
19078,19153,0.6630909518574579
19078,19022,0.6627229768808889
19077,19085,0.26645500683538736
19077,19279,0.2627519925800316
19077,19292,0.26253449068152046
19077,19308,0.2621940081566966
19077,19320,0.26200491476170756
19072,19282,0.23445974738265252
19072,19395,0.23222888389174023
19072,18448,0.20441553842639099
19072,19104,0.190077872991605
19072,19132,0.1896109423321594
19071,15038,0.24449318345943874
19071,16806,0.24388367672781375
19071,17339,0.22670503675436582
19071,14217,0.22542089178950758
19071,18283,0.1877028673375254
19070,19109,0.4156532195004723
19070,19197,0.4129123615457282
19070,18861,0.4094226739709932
19070,18526,0.4000739790939971
19070,18461,0.39793452774455845
19068,17928,0.20755658926498452
19068,17466,0.1976083199958493
19068,16837,0.18780025649931875
19068,16654,0.18469010836024238
19068,16386,0.17951005734781791
19067,18783,0.5503277659253586
19067,19065,0.5496334535341993
19067,18529,0.5406155932544178
19067,19247,0.5345317623809709
19067,18867,0.5327901329921382
19065,19052,0.6489121302410662
19065,18938,0.6446751154492669
19065,18757,0.6347699126583929
19065,18682,0.6312917269363283
19065,18510,0.6241744780531377
19064,19043,0.4611333648381139
19064,19084,0.46090801976950185
19064,19197,0.4572298133795216
19064,19358,0.4514961401433021
19064,18526,0.44442444722463753
19063,19109,0.3651856267677951
19063,18881,0.36114145928644154
19063,18863,0.36090583496166156
19063,18861,0.3608732638208894
19063,19004,0.3562759908075668
19061,15396,0.6940895006504894
19061,14744,0.6479482974532738
19061,13246,0.5605257889451473
19061,12711,0.5349232730968412
19061,12232,0.511794146336502
19056,19362,0.585290895438063
19056,18541,0.5787003116319429
19056,19386,0.551370222098837
19056,17930,0.5426026693248528
19056,17831,0.5357569106279225
19055,19181,0.3461724238999643
19055,18926,0.3299871869903709
19055,19067,0.328442059882614
19055,19065,0.3261649352330554
19055,19052,0.3249551678416165
19054,16911,0.4120585705398667
19054,18792,0.4086733220120169
19054,19308,0.3810578327323048
19054,19046,0.3609441193373887
19054,19325,0.35895067502799527
19052,18008,0.9129612602203748
19052,18938,0.7430615629161771
19052,17235,0.7412154164800185
19052,18757,0.7336547003936194
19052,18682,0.7296346810874933
19048,18866,0.6779830334790541
19048,18633,0.6674698828729813
19048,19120,0.6516603610973813
19048,19297,0.6433543377550635
19048,18986,0.6220441711450613
19046,19279,0.70885691421868
19046,19261,0.6918098030961356
19046,19100,0.6815697020623372
19046,18792,0.6814373263842299
19046,18275,0.6799653181934506
19044,19109,0.35495509849049367
19044,18861,0.35223786589212913
19044,18461,0.3423542899030213
19044,18376,0.3395522124250946
19044,18238,0.3352662950255839
19043,19197,0.7404752424734441
19043,19358,0.7311896645088916
19043,18526,0.7228241563815132
19043,17897,0.6751885522006185
19043,17325,0.63915223155225
19041,18798,0.3974258607951705
19041,18735,0.3839994446943318
19041,18667,0.3706162171403876
19041,18081,0.3574601205414511
19041,18288,0.332223999810512
19033,14968,0.6639498881279403
19033,14628,0.6414956578034932
19033,13501,0.5768916349872889
19033,18363,0.5346575637399884
19033,12366,0.5201237193087437
19032,19046,0.49598834908267553
19032,19085,0.4867659037674116
19032,19325,0.4866839807822779
19032,19100,0.48647089525598963
19032,18907,0.4846256349063242
19031,19109,0.38267351751320555
19031,18861,0.380503009598387
19031,19360,0.3753660655641307
19031,18461,0.36982633121253267
19031,19029,0.3697862227931497
19029,19084,0.7456915943403526
19029,18644,0.729372011607821
19029,18421,0.7172375487358553
19029,18819,0.6558583878014637
19029,19347,0.6502071801016841
19025,18160,0.20649654586333901
19025,18587,0.20202367011261804
19025,19007,0.19421089993117674
19025,19001,0.19410363532753686
19025,18993,0.1939978957714047
19022,19168,0.6694278150750737
19022,19078,0.6627229768808889
19022,19083,0.6625200067376149
19022,18919,0.6609494031440545
19022,19134,0.6600846159758753
19020,19106,0.468654901360324
19020,19029,0.44418193846798015
19020,19033,0.44410547074081375
19020,19009,0.444037023129969
19020,19043,0.4437413249155705
19014,18798,0.573760359033306
19014,18735,0.5303777617481623
19014,18667,0.4872826901337596
19014,18081,0.4788528238866506
19014,17011,0.4635620860566041
19013,18903,0.3961712631249247
19013,18932,0.39172540254167776
19013,18641,0.3893680558175327
19013,19208,0.37733654406237604
19013,19281,0.3753639991121457
19011,18993,0.5598877016549644
19011,19104,0.5559953800338622
19011,18898,0.5552198374836594
19011,18896,0.5551015906852256
19011,19007,0.5504032992859792
19010,19109,0.33047163504059246
19010,18861,0.32957087416305686
19010,18461,0.3203233198993002
19010,18376,0.3177015599657566
19010,18238,0.31369144725294573
19009,19088,0.9925113907465989
19009,19381,0.970669266438237
19009,17994,0.9134715515496546
19009,17892,0.9017360762809776
19009,17328,0.8548491453108559
19007,18993,0.7214301125225726
19007,18896,0.7152630819461946
19007,19132,0.7143907054107884
19007,18790,0.6832777144265363
19007,18121,0.6694894032256932
19006,19033,0.49908814056623996
19006,17498,0.3608813981758717
19006,18335,0.33390398196436405
19006,19009,0.3332849089658795
19006,18990,0.3328289671445409
19005,19009,0.583233703668236
19005,19088,0.5788660943580506
19005,19197,0.5743888310576066
19005,18786,0.5739464966160217
19005,19271,0.5713202124233232
19004,18863,0.5861450667645843
19004,18422,0.5322543821460114
19004,18002,0.508272761543875
19004,18401,0.47216310411236884
19004,18204,0.46259492571231925
19001,17694,0.880672862544305
19001,16808,0.8187722304149327
19001,15801,0.7298059663186758
19001,18789,0.6797246748894226
19001,18993,0.666303494501949
18994,18938,0.6938966834359639
18994,19052,0.6915140722604924
18994,18757,0.6821885633739321
18994,18682,0.6784505498456195
18994,18510,0.6708016274660684
18993,18790,0.7387501685910328
18993,19007,0.7214301125225726
18993,18402,0.717964728554397
18993,17908,0.6791204589264624
18993,19001,0.666303494501949
18991,19029,0.37016597467406354
18991,19084,0.3680395411003373
18991,19109,0.36752595958658935
18991,18861,0.3675206957472769
18991,18819,0.3662259696380079
18990,19009,0.7487563861078381
18990,19088,0.7431492421062877
18990,18861,0.7427982505280046
18990,19109,0.7422960971476162
18990,19381,0.7267948120442407
18988,18861,0.4865745397393741
18988,19109,0.4861188852970085
18988,19197,0.48291336985478767
18988,18990,0.4780078787405415
18988,19029,0.4764962035232174
18986,18903,0.6950105351642241
18986,18866,0.693590212063842
18986,18641,0.6830755434279538
18986,19297,0.682999152266971
18986,18633,0.6828350485888692
18985,18806,0.4778532095750927
18985,18990,0.4581289451839849
18985,19009,0.45736929782314195
18985,19029,0.4566801360668672
18985,19033,0.45660151672415494
18982,19279,0.3616472355424402
18982,18524,0.35868655426122575
18982,19116,0.3537398677153386
18982,18275,0.3505023784960428
18982,19261,0.35016362952111313
18981,18645,0.9765776444617044
18981,18568,0.9717806658663285
18981,17940,0.9104372733401588
18981,17833,0.8982804095091835
18981,17539,0.8707859733470571
18971,19085,0.599389685758529
18971,18907,0.5930576201251494
18971,19279,0.5910597670332702
18971,19292,0.5905704972081359
18971,19308,0.5898045828574007
18968,18861,0.39705053376966615
18968,19084,0.3955543649664303
18968,19109,0.3950023878366858
18968,19197,0.3923977034843158
18968,18526,0.3879843424545657
18965,19281,0.6698766245898942
18965,19368,0.6652329442744518
18965,19253,0.6615258397109546
18965,18795,0.6589879196638502
18965,19153,0.6556320546340308
18964,19100,0.38405730893034923
18964,18734,0.38273309821797585
18964,19250,0.379955480940016
18964,18592,0.37938440781058813
18964,16079,0.3784680298618152
18963,18926,0.4655968249654249
18963,18615,0.455872140516569
18963,18486,0.4515489708880332
18963,18780,0.4463511498948166
18963,19374,0.44588658429929207
18961,18883,0.8285632911071542
18961,17978,0.7634706424489175
18961,18948,0.7493626718940612
18961,18790,0.7001796247898391
18961,16955,0.6952955746258858
18960,18861,0.5519438221254896
18960,19109,0.5481326041631308
18960,18461,0.536456620901739
18960,18376,0.5320658682234558
18960,18238,0.5253499927885175
18958,17933,0.607843727202023
18958,18605,0.5087030664970524
18958,17595,0.4672071677555842
18958,17920,0.4046427924824091
18958,18818,0.3794635938459704
18956,18921,0.9977647327237883
18956,18882,0.9945135385090477
18956,18857,0.9931765413523849
18956,18738,0.9846741146802326
18956,19318,0.9712389114213896
18949,17094,0.8454150892939367
18949,19415,0.0
18949,19413,0.0
18949,19405,0.0
18949,19403,0.0
18948,18961,0.7493626718940612
18948,18883,0.7463411809447529
18948,19210,0.7065626035422892
18948,18790,0.7007751230323072
18948,16955,0.6958869190152771
18942,15222,0.6887173077249915
18942,14909,0.6663206861843994
18942,15792,0.5499651106999428
18942,18920,0.49925687770160904
18942,18981,0.49843548555736317
18938,19052,0.7430615629161771
18938,18757,0.740505299635968
18938,18682,0.7364477428599703
18938,18510,0.7281449540671641
18938,18109,0.7072059863284855
18937,19029,0.5581473008893204
18937,19084,0.5549410009025625
18937,18644,0.5512950020662496
18937,18421,0.5421231821614433
18937,18819,0.5163852223554305
18933,19282,0.5402076409488019
18933,19395,0.5350676136428025
18933,18495,0.48495044060952497
18933,18448,0.4830310465644448
18933,18541,0.4327952405699173
18932,18903,0.747977183638569
18932,18866,0.7464486179280803
18932,18641,0.7351326279750559
18932,19297,0.6880596103433108
18932,19120,0.6559461655626941
18927,18896,0.5315921224939987
18927,19009,0.5298712599601467
18927,19088,0.5259032611396979
18927,19309,0.5175742562871977
18927,19381,0.5143297472122201
18926,18615,0.6527423385392459
18926,18486,0.6465521909025977
18926,18211,0.6290593099650548
18926,18174,0.6255507855644318
18926,18018,0.6155927626857411
18923,19085,0.49277383534275243
18923,18792,0.48279789589027283
18923,18907,0.4822344509516219
18923,19308,0.4766048924479714
18923,19046,0.47393000080243103
18922,19197,0.42369417047534597
18922,18526,0.42170852482274707
18922,18487,0.42043719560931114
18922,19309,0.4202342230733582
18922,18197,0.4079626791178458
18921,18956,0.9977647327237883
18921,18882,0.9967415222164997
18921,18857,0.9954015298186797
18921,18738,0.986880055373555
18921,19318,0.9690679328653058
18920,18942,0.49925687770160904
18920,18981,0.4976946885101092
18920,19061,0.4942238864917331
18920,19125,0.49134104773049414
18920,18645,0.49055056594293356
18919,18878,0.6646694779773845
18919,18795,0.6611222434230424
18919,19022,0.6609494031440545
18919,18756,0.6591572395923933
18919,18753,0.6588716513677029
18918,18792,0.49572961561250845
18918,18907,0.48719879994687754
18918,19279,0.48570356049315944
18918,19046,0.48569727207360947
18918,19261,0.48049115510119855
18908,19194,0.9767931424017627
18908,19213,0.9752642732944591
18908,17887,0.9093691401431817
18908,16416,0.7941779500696716
18908,15909,0.7446667948846294
18907,19085,0.7654711261456703
18907,19292,0.7542082793670888
18907,19320,0.7526869152894035
18907,19308,0.7173620402041755
18907,19325,0.6880303733123392
18903,18641,0.9828276103275903
18903,19297,0.8476635827388908
18903,17633,0.7722007944612654
18903,15963,0.7503847154975518
18903,18866,0.7484673004632444
18901,18798,0.44147989515560493
18901,18735,0.43949139948565336
18901,18667,0.4374295972616268
18901,18081,0.4219017661234982
18901,17202,0.3802131652232082
18898,19104,0.9822467047143562
18898,18604,0.9813567937650551
18898,17427,0.8690710737693892
18898,16436,0.7974045170896001
18898,16254,0.7777148857521832
18897,18898,0.7142726981062725
18897,19104,0.7015920039823182
18897,18604,0.7009819121525063
18897,18894,0.6901929342988822
18897,18948,0.6877165995714982
18896,17935,0.9163977924083893
18896,16735,0.8204603078771829
18896,15957,0.7507758265347687
18896,19007,0.7152630819461946
18896,18897,0.666536830778102
18895,19279,0.3230571088607448
18895,18275,0.31782044825367
18895,18214,0.31600796382227103
18895,18861,0.3120788671979621
18895,19261,0.31010233669335446
18894,18343,0.7192620225088717
18894,18897,0.6901929342988821
18894,18896,0.666522985849923
18894,18898,0.6663810344932919
18894,18883,0.666349815538119
18890,18866,0.624407421602285
18890,18903,0.6243146790134927
18890,18932,0.6180187667348717
18890,18641,0.6149415482122882
18890,18878,0.610818863582
18883,18961,0.8285632911071542
18883,17978,0.7678659460328636
18883,18948,0.7463411809447529
18883,18790,0.7042105617285186
18883,16955,0.6992983940679698
18882,18857,0.9986556269926027
18882,18921,0.9967415222164997
18882,18956,0.9945135385090477
18882,18738,0.9901062947382635
18882,18427,0.9682431122784882
18881,15233,0.5196746163257259
18881,18669,0.5132886700325773
18881,19337,0.508961578212185
18881,19340,0.5088516738723394
18881,18861,0.49962868363814844
18878,19227,0.9724089461629786
18878,15364,0.701485180744113
18878,19134,0.6650106586330147
18878,18919,0.6646694779773845
18878,18795,0.663108773436148
18877,18861,0.33311971985019606
18877,19109,0.32695100036527797
18877,18526,0.32551331498701414
18877,19197,0.3247950535131408
18877,18461,0.3237725871781566
18871,18541,0.45102424175598693
18871,18448,0.4474452809692473
18871,19282,0.44638491695504084
18871,18495,0.4438109412524741
18871,19362,0.44354151278777143
18870,18798,0.2842608384424616
18870,18735,0.28298048241134416
18870,18667,0.28165292562940325
18870,18081,0.2767804018578097
18870,17202,0.24481231041136617
18867,18938,0.5834511141077385
18867,18775,0.5798229555634199
18867,18757,0.5787702200406629
18867,18994,0.5775563159240322
18867,18682,0.5755988814570949
18866,17030,0.8451496504641451
18866,18903,0.7484673004632444
18866,18932,0.7464486179280803
18866,18641,0.7386301719087838
18866,18633,0.7383701175911532
18864,18774,0.35200623580402635
18864,18878,0.33316296467036605
18864,18919,0.332164880713275
18864,18798,0.3317343047579172
18864,18795,0.33172393280679363
18863,16019,0.7561362737398297
18863,18422,0.6457309402445645
18863,18002,0.616636441562245
18863,19004,0.5861450667645843
18863,18401,0.5370264471883779
18861,19109,0.9802244308178047
18861,18461,0.9719406203984478
18861,18376,0.9639855487004356
18861,18238,0.9518178693719923
18861,16851,0.8310844877058846
18857,18882,0.9986556269926027
18857,18921,0.9954015298186797
18857,18956,0.9931765413523849
18857,18738,0.9914391587818066
18857,18427,0.9695465444823057
18854,18030,0.9297015493211968
18854,18433,0.7281628001988822
18854,18746,0.6064141440793634
18854,18113,0.5731803327642246
18854,18410,0.565264205876913
18853,19279,0.6444588246709246
18853,18275,0.6372736393334941
18853,18214,0.6336393591725429
18853,17677,0.5931745390677148
18853,19261,0.5379266630700783
18850,19195,0.7294263428698007
18850,19279,0.7248140957207911
18850,18275,0.7171327289492537
18850,18214,0.7130430238544143
18850,17677,0.667507409202966
18849,18985,0.43396309578261616
18849,18847,0.4258301012100169
18849,19360,0.42222698628410066
18849,19382,0.4213833028166558
18849,18819,0.4204660817882433
18847,17220,0.46592534858852536
18847,18926,0.4555003943589046
18847,18615,0.45155137773908577
18847,18486,0.4472691831751602
18847,17917,0.43979960955795744
18843,18364,0.482541032334333
18843,17563,0.44079241931189495
18843,17670,0.37083156646664894
18843,17627,0.3689271146689396
18843,17507,0.36611686844491903
18836,19279,0.3003180505450074
18836,19046,0.29869521804633714
18836,18275,0.2978195856442797
18836,18214,0.296121163263618
18836,19261,0.2936467136591912
18830,16332,0.3946026850235542
18830,15769,0.36875043522677464
18830,15754,0.36792680686023976
18830,19386,0.3585835636249804
18830,15483,0.35719509715999465
18829,18798,0.44366896943622375
18829,18735,0.44167061382751627
18829,18667,0.439598588174813
18829,18081,0.42399376241891973
18829,18581,0.4100129432093999
18827,19117,0.25313931072842
18827,18830,0.24998287531079072
18827,18795,0.24956432048476535
18827,19006,0.24649563479297992
18827,18485,0.24423576666171817
18826,18384,0.4839373555161474
18826,19401,0.33409052802320055
18826,18795,0.332785035185938
18826,18878,0.33210065724342
18826,18756,0.3317959233001583
18820,17928,0.5114980976587042
18820,17919,0.39166046325978376
18820,17466,0.38958543351419894
18820,18714,0.38627480327358193
18820,19124,0.37931328403128817
18819,18861,0.6643180894314235
18819,18644,0.6590149022444027
18819,19029,0.6558583878014637
18819,19084,0.6520907824815556
18819,19109,0.6511808210948885
18818,18598,0.5752155929350615
